0
184
-1519,2253,0.75
-1519,2253,0.75
-1519,2253,0.75
-1519,2253,0.75
-1519,2253,0.75
-1519,2253,0.75
-1519,2253,0.75
-1519,2253,0.75
-1519,2253,0.75
-1519,2253,0.75
-1519,2253,0.75
-1519,2253,0.75
-1519,2253,0.75
-1519,2253,0.75
-1519,2253,0.75
-1519,2253,0.75
-1519,2253,0.75
-1519,2253,0.75
-1519,2253,0.75
-1519,2253,0.75
-1519,2253,0.75
-1519,2253,0.75
-1519,2253,0.75
-1519,2253,0.75
-1519,2253,0.75
-1519,2253,0.75
-1519,2253,0.75
-1519,2253,0.75
-1519,2253,0.75
-1519,2253,0.75
-1519,2253,0.75
-1519,2253,0.75
-1519,2253,0.75
-1519,2253,0.75
-1519,2253,0.75
-1519,2253,0.75
-1519,2253,0.75
-1519,2253,0.75
-1519,2253,0.75
-1519,2253,0.75
-1519,2253,0.75
-1519,2253,0.75
-1519,2253,0.75
-1519,2253,0.75
-1519,2253,0.75
-1519,2253,0.75
-1519,2253,0.75
-1519,2253,0.75
-1519,2253,0.75
-1519,2253,0.75
-1519,2253,0.75
-1519,2253,0.75
-1519,2253,0.75
-1519,2253,0.75
-1519,2253,0.75
-1519,2253,0.75
-1519,2253,0.75
-1519,2253,0.75
-1519,2253,0.75
-1519,2253,0.75
-1519,2253,0.75
-1519,2253,0.75
-1519,2253,0.75
-1519,2253,0.75
-1519,2253,0.75
-1519,2253,0.75
-1519,2253,0.75
-1519,2253,0.75
-1519,2253,0.75
-1519,2253,0.75
-1519,2253,0.75
-1519,2253,0.75
-1519,2253,0.75
-1519,2253,0.75
-1519,2253,0.75
-1519,2253,0.75
-1519,2253,0.75
-1519,2253,0.75
-1519,2253,0.75
-1519,2253,0.75
-1519,2253,0.75
-1519,2253,0.75
-1519,2253,0.75
-1519,2253,0.75
-1519,2253,0.75
-1519,2253,0.75
-1519,2253,0.75
-1519,2253,0.75
-1519,2253,0.75
-1519,2253,0.75
-1519,2253,0.75
-1519,2253,0.75
-1519,2253,0.75
-1519,2253,0.75
-1519,2253,0.75
-1519,2253,0.75
-1519,2253,0.75
-1519,2253,0.75
-1519,2253,0.75
-1519,2253,0.75
-1519,2253,0.75
-1519,2253,0.75
-1519,2253,0.75
-1519,2253,0.75
-1519,2253,0.75
-1519,2253,0.75
-1519,2253,0.75
-1519,2253,0.75
-1519,2253,0.75
-1519,2253,0.75
-1519,2253,0.75
-1519,2253,0.75
-1519,2253,0.75
-1519,2253,0.75
-1519,2253,0.75
-1519,2253,0.75
-1519,2253,0.75
-1519,2253,0.75
-1519,2253,0.75
-1519,2253,0.75
-1519,2253,0.75
-1519,2253,0.75
-1519,2253,0.75
-1519,2253,0.75
-1519,2253,0.75
-1519,2253,0.75
-1519,2253,0.75
-1519,2253,0.75
-1519,2253,0.75
-1519,2253,0.75
-1519,2253,0.75
-1519,2253,0.75
-1519,2253,0.75
-1519,2253,0.75
-1519,2253,0.75
-1519,2253,0.75
-1519,2253,0.75
-1519,2253,0.75
-1519,2253,0.75
-1519,2253,0.75
-1519,2253,0.75
-1519,2253,0.75
-1519,2253,0.75
-1519,2253,0.75
-1519,2253,0.75
-1519,2253,0.75
-1519,2253,0.75
-1519,2253,0.75
-1519,2253,0.75
-1519,2253,0.75
-1519,2253,0.75
-1519,2253,0.75
-1519,2253,0.75
-1519,2253,0.75
-1519,2253,0.75
-1519,2253,0.75
-1519,2253,0.75
-1519,2253,0.75
-1519,2253,0.75
-1519,2253,0.75
-1519,2253,0.75
-1519,2253,0.75
-1519,2253,0.75
-1519,2253,0.75
-1519,2253,0.75
-1519,2253,0.75
-1519,2253,0.75
-1519,2253,0.75
-1519,2253,0.75
-1519,2253,0.75
-1519,2253,0.75
-1519,2253,0.75
-1519,2253,0.75
-1519,2253,0.75
-1519,2253,0.75
-1519,2253,0.75
-1519,2253,0.75
-1519,2253,0.75
-1519,2253,0.75
-1519,2253,0.75
-1519,2253,0.75
-1519,2253,0.75
-1519,2253,0.75
-1519,2253,0.75
